0 FILE 8464.ldr
0 Front End Loader
0 Comment: the Bucket part (32030) is missing
0 Version: 1.0 (20040704)
0 Name: 8464.ldr
0 Author: Peter Bartfai (pbartfai@stardust.hu)
0 8464
0 ROTATION CENTER -554.804 -140 241.862 1 "Pn1" 
0 ROTATION CENTER 0 118 163 1 "Pn2" 
0 ROTATION CENTER -600 70 10 1 "dg" 
0 ROTATION CENTER -185 -10 203 1 "Arm" 
0 ROTATION CENTER -225 118 163 1 "Double Pneumatics" 
0 ROTATION CENTER -235 30 203 1 "Arm2" 
0 ROTATION CENTER -186 71.677 246.16 1 "Arm3" 
0 ROTATION CENTER -204 -7.32 246.156 1 "Single Pneumatic" 
0 ROTATION CENTER -240 142.825 361.255 1 "Arm4" 
0 ROTATION CONFIG 0 1
1 14 -155 140 -200 0 0 -1 0 1 0 1 0 0 3702.DAT
1 14 -135 140 -60 0 0 1 0 1 0 -1 0 0 3703.DAT
1 7 -145 150 60 -1 0 0 0 1 0 0 0 -1 4274.DAT
1 0 -145 150 -200 1 0 0 0 1 0 0 0 1 4459.DAT
1 0 -145 150 -140 1 0 0 0 1 0 0 0 1 4459.DAT
1 0 -135 150 40 1 0 0 0 -1 0 0 0 -1 6558.DAT
0 STEP
0 WRITE 2
1 0 -185 150 -40 -1 0 0 0 -0.866025 -0.5 0 -0.5 0.866025 3706.DAT
1 7 -155 150 80 0 1 0 1 0 0 0 0 -1 2825.DAT
1 7 -155 150 -40 0 0 1 0.866025 -0.5 0 0.5 0.866025 0 4019.DAT
0 STEP
1 0 -185 150 80 1 0 0 0 1 0 0 0 1 3737.DAT
1 7 -200 150 80 0 0 -1 -1 0 0 0 1 0 4265B.DAT
1 7 -170 150 80 0 0 1 -1 0 0 0 -1 0 4265B.DAT
1 7 -185 150 80 1 0 0 0 0 -1 0 1 0 6536.DAT
1 7 -110 150 -80 0 0 -1 -1 0 0 0 1 0 4265B.DAT
1 7 -120 150 -80 0 0 1 -1 0 0 0 -1 0 4265B.DAT
1 7 -185 150 -80 0 0 -1 -1 0 0 0 1 0 6573.DAT
1 7 -168 150 -80 0 0 -1 0 -1 0 -1 0 0 6589.DAT
1 7 -202 150 -80 0 0 1 0 -1 0 1 0 0 6589.DAT
1 7 -185 150 -63 1 0 0 0 -1 0 0 0 -1 6589.DAT
1 0 -101 150 -80 -1 0 0 0 0 1 0 1 0 3707.DAT
1 0 -266 150 -80 -1 0 0 0 0 1 0 1 0 3707.DAT
0 STEP
0 WRITE 4
1 7 -185 150 0 0 0 1 0 1 0 -1 0 0 32034.DAT
1 7 -185 150 22 -1 0 0 0 1 0 0 0 -1 4019.DAT
1 0 -185 150 9 0 0 1 0 -1 0 1 0 0 3705.DAT
1 0 -141 150 0 1 0 0 0 -1 0 0 0 -1 4519.DAT
1 0 -229 150 0 -1 0 0 0 -1 0 0 0 1 4519.DAT
1 7 -185 110 0 0 0 1 0 1 0 -1 0 0 32034.DAT
1 0 -141 110 0 1 0 0 0 -1 0 0 0 -1 4519.DAT
1 0 -229 110 0 -1 0 0 0 -1 0 0 0 1 4519.DAT
1 7 -220 150 0 0 -1 0 0 0 -1 1 0 0 6632.DAT
1 7 -150 150 0 0 -1 0 0 0 -1 1 0 0 6632.DAT
1 7 -185 150 -22 0 -1 0 -1 0 0 0 0 -1 3650A.DAT
0 STEP
0 WRITE 5
1 14 -235 140 -60 0 0 1 0 1 0 -1 0 0 3703.DAT
1 14 -215 140 -200 0 0 -1 0 1 0 1 0 0 3702.DAT
1 7 -225 150 60 1 0 0 0 1 0 0 0 1 4274.DAT
1 7 -250 150 -80 0 0 -1 -1 0 0 0 1 0 4265B.DAT
1 7 -260 150 -80 0 0 1 -1 0 0 0 -1 0 4265B.DAT
1 7 -215 150 80 0 -1 0 -1 0 0 0 0 -1 2825.DAT
1 0 -235 150 40 -1 0 0 0 -1 0 0 0 1 6558.DAT
1 0 -225 150 -140 1 0 0 0 1 0 0 0 1 4459.DAT
1 0 -225 150 -200 1 0 0 0 1 0 0 0 1 4459.DAT
0 STEP
0 WRITE 6
1 14 -235 132 50 1 0 0 0 1 0 0 0 1 4073.DAT
1 14 -235 124 50 1 0 0 0 1 0 0 0 1 4073.DAT
1 14 -135 132 50 1 0 0 0 1 0 0 0 1 4073.DAT
1 14 -135 124 50 1 0 0 0 1 0 0 0 1 4073.DAT
1 14 -135 132 -30 1 0 0 0 1 0 0 0 1 4073.DAT
1 14 -135 124 -30 1 0 0 0 1 0 0 0 1 4073.DAT
1 14 -235 132 -30 1 0 0 0 1 0 0 0 1 4073.DAT
1 14 -235 124 -30 1 0 0 0 1 0 0 0 1 4073.DAT
1 0 -275 140 -80 0 0 1 0 1 0 -1 0 0 3700.DAT
1 0 -95 140 -80 0 0 1 0 1 0 -1 0 0 3700.DAT
1 7 -115 150 100 -1 0 0 0 -1 0 0 0 1 6641.DAT
1 7 -255 150 100 -1 0 0 0 -1 0 0 0 1 6641.DAT
1 7 -185 140 100 0 -1 0 1 0 0 0 0 1 2780.DAT
0 STEP
0 WRITE 7
1 7 -185 130 120 -1 0 0 0 0 -1 0 -1 0 6536.DAT
1 7 -100 150 80 0 0 1 -1 0 0 0 -1 0 4265B.DAT
1 7 -270 150 80 0 0 -1 -1 0 0 0 1 0 4265B.DAT
1 14 -255 132 -80 -1 0 0 0 1 0 0 0 -1 3021.DAT
1 14 -115 132 -80 -1 0 0 0 1 0 0 0 -1 3021.DAT
0 STEP
0 WRITE 8
1 14 -115 164 -80 -1 0 0 0 1 0 0 0 -1 3021.DAT
1 14 -255 164 -80 -1 0 0 0 1 0 0 0 -1 3021.DAT
1 14 -185 164 -140 -1 0 0 0 1 0 0 0 -1 32001.DAT
0 STEP
0 WRITE 9
1 14 -235 172 -100 0 0 -1 0 1 0 1 0 0 3710.DAT
1 14 -135 172 -100 0 0 -1 0 1 0 1 0 0 3710.DAT
0 STEP
0 WRITE 10
1 14 -185 100 50 -1 0 0 0 1 0 0 0 -1 3894.DAT
1 7 -185 110 35 -1 0 0 0 0 1 0 1 0 2905.DAT
1 7 -225 110 40 0 0 1 0 1 0 -1 0 0 3749.DAT
1 7 -145 110 40 0 0 1 0 1 0 -1 0 0 3749.DAT
1 0 -185 110 45 0 0 1 0 1 0 -1 0 0 3705.DAT
1 7 -185 110 100 1 0 0 0 1 0 0 0 1 9244.DAT
1 7 -185 110 20 1 0 0 0 1 0 0 0 1 4019.DAT
0 STEP
0 WRITE 11
1 7 -245 124 -80 1 0 0 0 1 0 0 0 1 3022.DAT
1 7 -125 124 -80 1 0 0 0 1 0 0 0 1 3022.DAT
1 7 -215 132 -240 0 0 -1 0 1 0 1 0 0 3794.DAT
1 7 -155 132 -240 0 0 -1 0 1 0 1 0 0 3794.DAT
1 7 -155 124 -240 1 0 0 0 1 0 0 0 1 4073.DAT
1 7 -215 124 -240 1 0 0 0 1 0 0 0 1 4073.DAT
0 STEP
0 WRITE 12
1 0 -185 130 120 -1 0 0 0 1 0 0 0 -1 32062.DAT
1 14 -195 130 200 0 1 0 1 0 0 0 0 -1 2825.DAT
1 14 -175 130 200 0 -1 0 -1 0 0 0 0 -1 2825.DAT
1 7 -205 70 160 0 -1 0 0 0 1 -1 0 0 2825.DAT
1 14 -220 90 160 0 -1 0 0 0 1 -1 0 0 6632.DAT
1 14 -150 90 160 0 -1 0 0 0 1 -1 0 0 6632.DAT
1 7 -165 70 160 0 1 0 0 0 1 1 0 0 2825.DAT
1 0 -185 130 160 -1 0 0 0 1 0 0 0 -1 3705.DAT
1 0 -185 90 160 -1 0 0 0 1 0 0 0 -1 3705.DAT
1 0 -185 110 160 0 0 -1 0 1 0 1 0 0 3705.DAT
1 7 -170 90 160 0 0 1 0 1 0 -1 0 0 4265B.DAT
1 7 -185 110 144 -1 0 0 0 1 0 0 0 -1 4265B.DAT
1 7 -200 90 160 0 0 -1 0 1 0 1 0 0 4265B.DAT
1 0 -185 130 140 -1 0 0 0 1 0 0 0 -1 32062.DAT
1 7 -185 110 194 -1 0 0 0 1 0 0 0 -1 6538B.DAT
1 7 -200 130 160 0 -1 0 -1 0 0 0 0 -1 6632.DAT
1 7 -170 130 160 0 -1 0 -1 0 0 0 0 -1 6632.DAT
1 7 -185 90 160 -1 0 0 0 1 0 0 0 -1 6536.DAT
0 STEP
0 WRITE 13
1 7 -185 150 280 0 0 -1 -1 0 0 0 1 0 6573.DAT
1 7 -185 150 297 1 0 0 0 -1 0 0 0 -1 6589.DAT
0 WRITE Substep2
1 7 -202 150 280 0 0 1 0 -1 0 1 0 0 6589.DAT
1 0 -268 150 280 1 0 0 0 0 1 0 -1 0 3707.DAT
0 WRITE Substep3
1 7 -168 150 280 0 0 -1 0 -1 0 -1 0 0 6589.DAT
1 0 -103 150 280 1 0 0 0 0 1 0 -1 0 3707.DAT
0 WRITE Substep4
1 14 -135 140 220 0 0 -1 0 1 0 1 0 0 3702.DAT
1 14 -235 140 220 0 0 -1 0 1 0 1 0 0 3702.DAT
1 0 -225 150 200 1 0 0 0 1 0 0 0 1 3673.DAT
1 0 -145 150 200 1 0 0 0 1 0 0 0 1 3673.DAT
1 7 -120 150 280 0 0 1 -1 0 0 0 -1 0 4265B.DAT
1 7 -110 150 280 0 0 -1 -1 0 0 0 1 0 4265B.DAT
1 7 -260 150 280 0 0 1 -1 0 0 0 -1 0 4265B.DAT
1 7 -250 150 280 0 0 -1 -1 0 0 0 1 0 4265B.DAT
0 WRITE Substep5
1 14 -275 140 280 0 0 -1 0 1 0 1 0 0 3700.DAT
1 14 -95 140 280 0 0 -1 0 1 0 1 0 0 3700.DAT
0 WRITE Substep6
1 14 -255 132 280 1 0 0 0 1 0 0 0 1 3021.DAT
1 14 -115 132 280 1 0 0 0 1 0 0 0 1 3021.DAT
0 WRITE Substep7
1 14 -115 164 280 1 0 0 0 1 0 0 0 1 3021.DAT
1 14 -255 164 280 1 0 0 0 1 0 0 0 1 3021.DAT
1 14 -235 172 280 0 0 -1 0 1 0 1 0 0 3023.DAT
1 14 -135 172 280 0 0 -1 0 1 0 1 0 0 3023.DAT
0 WRITE Substep8
1 14 -135 132 230 0 0 -1 0 1 0 1 0 0 2420.DAT
1 14 -235 132 230 1 0 0 0 1 0 0 0 1 2420.DAT
1 14 -235 132 160 0 0 -1 0 1 0 1 0 0 3023.DAT
1 14 -135 132 160 0 0 -1 0 1 0 1 0 0 3023.DAT
0 WRITE Substep9
1 14 -235 124 250 0 0 -1 0 1 0 1 0 0 3623.DAT
1 14 -135 124 250 0 0 -1 0 1 0 1 0 0 3623.DAT
0 WRITE Substep10
1 14 -235 100 260 0 0 1 0 1 0 -1 0 0 32000.DAT
1 14 -135 100 260 0 0 1 0 1 0 -1 0 0 32000.DAT
1 0 -185 110 270 1 0 0 0 1 0 0 0 1 3706.DAT
1 7 -155 110 270 0 0 -1 0 1 0 1 0 0 4019.DAT
0 WRITE Substep11
1 14 -185 100 230 1 0 0 0 1 0 0 0 1 3894.DAT
1 0 -185 110 225 0 0 -1 0 1 0 1 0 0 4519.DAT
1 14 -185 124 230 -1 0 0 0 1 0 0 0 -1 3710.DAT
1 14 -135 108 160 0 0 -1 0 1 0 1 0 0 3700.DAT
1 0 -115 118 160 1 0 0 0 1 0 0 0 1 6558.DAT
1 7 -185 110 250 1 0 0 0 1 0 0 0 1 3650A.DAT
0 WRITE Substep12
1 14 -135 84 160 0 0 -1 0 1 0 1 0 0 3700.DAT
1 14 -135 92 250 0 0 -1 0 1 0 1 0 0 3623.DAT
1 14 -235 92 250 0 0 -1 0 1 0 1 0 0 3623.DAT
0 WRITE Substep13
1 0 -145 70 200 1 0 0 0 1 0 0 0 1 3673.DAT
1 14 -135 60 180 0 0 -1 0 1 0 1 0 0 2744.DAT
0 WRITE Substep14
1 0 -215 70 210 0 0 -1 1 0 0 0 -1 0 2730.DAT
0 WRITE Substep15
1 14 -235 108 160 0 0 -1 0 1 0 1 0 0 3700.DAT
1 14 -235 84 160 0 0 -1 0 1 0 1 0 0 3700.DAT
1 14 -235 60 180 0 0 -1 0 1 0 1 0 0 2744.DAT
1 0 -225 70 200 1 0 0 0 1 0 0 0 1 3673.DAT
0 WRITE Substep16
1 0 -255 118 160 -1 0 0 0 1 0 0 0 -1 6558.DAT
1 0 -155 70 210 0 0 -1 1 0 0 0 -1 0 2730.DAT
0 STEP
0 WRITE Step13
1 0 -185 130 200 1 0 0 0 1 0 0 0 1 3706.DAT
0 STEP
0 WRITE Step14
1 14 -225 100 -30 -1 0 0 0 1 0 0 0 -1 3700.DAT
1 7 -185 110 -45 0 0 -1 1 0 0 0 -1 0 32017.DAT
1 7 -185 110 -55 0 0 -1 1 0 0 0 -1 0 32017.DAT
1 14 -225 92 -30 -1 0 0 0 1 0 0 0 -1 3023.DAT
1 14 -145 100 -30 -1 0 0 0 1 0 0 0 -1 3700.DAT
1 14 -145 92 -30 -1 0 0 0 1 0 0 0 -1 3023.DAT
1 14 -185 84 -30 -1 0 0 0 1 0 0 0 -1 3666.DAT
1 0 -225 110 -40 0 0 1 0 1 0 -1 0 0 3673.DAT
1 0 -145 110 -40 0 0 1 0 1 0 -1 0 0 3673.DAT
1 0 -185 110 -68 0 0 1 0 1 0 -1 0 0 3706.DAT
1 7 -185 110 -34 1 0 0 0 1 0 0 0 1 4265A.DAT
1 7 -185 110 -18 1 0 0 0 1 0 0 0 1 3647.DAT
1 0 -165 110 -70 0 0 1 0 1 0 -1 0 0 6558.DAT
1 7 -165 100 -70 -1 0 0 0 1 0 0 0 -1 3701.DAT
1 7 -165 100 -90 -1 0 0 0 1 0 0 0 -1 3701.DAT
1 7 -185 84 -80 -1 0 0 0 1 0 0 0 -1 32001.DAT
1 7 -235 100 -80 0 0 1 0 1 0 -1 0 0 3004.DAT
1 7 -235 92 -80 0 0 1 0 1 0 -1 0 0 3023.DAT
1 7 -165 92 -80 -1 0 0 0 1 0 0 0 -1 3709B.DAT
0 STEP
1 0 -185 70 160 -1 0 0 0 1 0 0 0 -1 3706.DAT
1 7 -185 70 140 0 0 -1 -1 0 0 0 1 0 6536.DAT
1 0 -185 80 140 0 0 1 1 0 0 0 1 0 32062.DAT
1 0 -185 63 100 0 0 1 1 0 0 0 1 0 6587.DAT
1 7 -185 86 140 -1 0 0 0 1 0 0 0 -1 6632.DAT
1 7 -185 91 80 1 0 0 0 1 0 0 0 1 2825.DAT
1 14 -235 92 47 1 0 0 0 1 0 0 0 1 4073.DAT
1 14 -235 84 47 1 0 0 0 1 0 0 0 1 4073.DAT
1 14 -135 92 47 1 0 0 0 1 0 0 0 1 4073.DAT
1 14 -135 84 47 1 0 0 0 1 0 0 0 1 4073.DAT
0 STEP
1 14 -135 60 0 0 0 1 0 1 0 -1 0 0 2730.DAT
1 14 -235 60 0 0 0 1 0 1 0 -1 0 0 2730.DAT
1 7 -220 70 0 0 1 0 -1 0 0 0 0 1 6632.DAT
1 7 -210 70 40 0 1 0 -1 0 0 0 0 1 6632.DAT
1 7 -160 70 40 0 1 0 -1 0 0 0 0 1 6632.DAT
1 7 -150 70 0 0 1 0 -1 0 0 0 0 1 6632.DAT
1 0 -225 70 20 1 0 0 0 1 0 0 0 1 4274.DAT
1 0 -145 70 20 -1 0 0 0 -1 0 0 0 1 4274.DAT
1 0 -185 70 -40 -1 0 0 0 1 0 0 0 -1 3706.DAT
1 7 -215 70 -40 -1 0 0 0 0 1 0 1 0 6536.DAT
1 7 -195 70 -40 -1 0 0 0 0 1 0 1 0 6536.DAT
1 7 -175 70 -40 -1 0 0 0 0 1 0 1 0 6536.DAT
1 7 -155 70 -40 -1 0 0 0 0 1 0 1 0 6536.DAT
1 7 -185 70 50 1 0 0 0 0 1 0 -1 0 6536.DAT
1 7 -185 70 80 -1 0 0 0 0 1 0 1 0 6536.DAT
1 7 -185 70 0 0 0 1 -1 0 0 0 -1 0 32034.DAT
1 0 -230 70 0 -1 0 0 0 1 0 0 0 -1 4519.DAT
1 0 -140 70 0 -1 0 0 0 1 0 0 0 -1 4519.DAT
1 7 -155 70 50 0 0 1 0 -1 0 1 0 0 2853.DAT
1 7 -215 70 50 0 0 -1 0 1 0 1 0 0 2853.DAT
1 0 -185 70 50 1 0 0 0 1 0 0 0 1 32062.DAT
1 0 -185 70 80 1 0 0 0 1 0 0 0 1 3707.DAT
1 7 -170 70 80 0 0 -1 0 1 0 1 0 0 4265A.DAT
1 7 -220 70 80 0 0 -1 0 1 0 1 0 0 4265A.DAT
1 7 -200 70 80 0 0 1 0 1 0 -1 0 0 4265A.DAT
1 7 -150 70 80 0 0 1 0 1 0 -1 0 0 4265A.DAT
0 STEP
0 GROUP 2 Double Pneumatics
0 MLCAD BTG Double Pneumatics
1 14 -265 128.072 150.274 1 0 0 0 0.71934 0.694658 0 -0.694658 0.71934 2793C01.DAT
0 MLCAD BTG Double Pneumatics
1 14 -105 128.072 150.274 1 0 0 0 0.71934 0.694658 0 -0.694658 0.71934 2793C01.DAT
1 14 -185 -18.275 232.872 -1 0 0 0 -0.681998 -0.731354 0 -0.731354 0.681998 2793C01.DAT
1 0 -167 -9.32 243.156 1 0 0 0 1 0 0 0 1 32002.DAT
1 0 -204 -7.32 243.156 -1 0 0 0 1 0 0 0 -1 32002.DAT
1 0 -216 31.679 243.164 1 0 0 0 1 0 0 0 1 32002.DAT
1 0 -155 31.679 243.164 -1 0 0 0 1 0 0 0 -1 32002.DAT
1 14 -160 31.679 243.164 0 -1 0 0 0 1 -1 0 0 32017.DAT
1 14 -210 31.679 243.164 0 -1 0 0 0 1 -1 0 0 32017.DAT
1 0 -186 71.677 243.16 -1 0 0 0 -0.694658 -0.71934 0 -0.71934 0.694658 3706.DAT
1 0 -185 30 200 1 0 0 0 -0.694658 0.71934 0 -0.71934 -0.694658 3706.DAT
1 7 -235 30 200 0 0 1 -0.694658 0.71934 0 -0.71934 -0.694658 0 3713.DAT
1 7 -135 30 200 0 0 -1 0.694658 0.71934 0 0.71934 -0.694658 0 3713.DAT
1 14 -175 30 200 0 1 0 -0.71934 0 0.694658 0.694658 0 0.71934 2825.DAT
1 14 -195 30 200 0 -1 0 0.71934 0 0.694658 -0.694658 0 0.71934 2825.DAT
1 7 -145 71.677 243.16 0 0 -1 0.71934 -0.694658 0 -0.694658 -0.71934 0 3713.DAT
1 7 -225 71.677 243.16 0 0 1 0.71934 0.694658 0 -0.694658 0.71934 0 3713.DAT
1 7 -185 71.677 243.16 0 0 1 0.71934 0.694658 0 -0.694658 0.71934 0 3713.DAT
0 WRITE Arm2 end
1 7 -185 50 100 1 0 0 0 0 -1 0 1 0 3649.DAT
1 14 -250 110 0 0 -1 0 -1 0 0 0 0 -1 2905.DAT
1 14 -120 110 0 0 -1 0 -1 0 0 0 0 -1 2905.DAT
1 7 -230 -10 200 0 0 1 0 1 0 -1 0 0 4265A.DAT
1 7 -110 -10 200 0 0 1 0 1 0 -1 0 0 4265A.DAT
1 7 -140 -10 200 0 0 -1 0 1 0 1 0 0 4265A.DAT
1 0 -185 -10 200 -1 0 0 0 1 0 0 0 -1 3707.DAT
1 0 -185 35 0 0 0 1 1 0 0 0 1 0 3705.DAT
1 7 -185 50 0 1 0 0 0 0 -1 0 1 0 3647.DAT
1 7 -185 30 0 1 0 0 0 0 -1 0 1 0 3713.DAT
1 7 -185 0 0 1 0 0 0 0 -1 0 1 0 6538B.DAT
1 0 -115 31.677 243.16 1 0 0 0 0.694658 -0.71934 0 0.71934 0.694658 3673.DAT
1 0 -135 45.573 257.546 1 0 0 0 0.694658 -0.71934 0 0.71934 0.694658 3673.DAT
1 0 -145 73.359 286.322 1 0 0 0 0.71934 0.694658 0 -0.694658 0.71934 32054.DAT
1 0 -185 133.49 354.671 1 0 0 0 0.93358 -0.358368 0 0.358368 0.93358 4519.DAT
1 0 -125 24.486 250.111 0 0 -1 0.694658 0.71934 0 0.71934 -0.694658 0 3702.DAT
1 0 -145 93.954 322.039 0 0 -1 0.694658 0.71934 0 0.71934 -0.694658 0 3895.DAT
1 7 -139 -10 200 0 0 -1 0.694658 0.71934 0 0.71934 -0.694658 0 4265A.DAT
1 7 -260 -10 200 0 0 -1 0.694658 0.71934 0 0.71934 -0.694658 0 4265A.DAT
1 7 -218 77.472 333.169 0 0 -1 0.529919 0.848048 0 0.848048 -0.529919 0 4265A.DAT
1 7 -152 77.472 333.169 0 0 1 -0.529919 0.848048 0 -0.848048 -0.529919 0 4265A.DAT
1 7 -195 133.489 354.669 0 -1 0 -0.358368 0 -0.93358 0.93358 0 -0.358368 2825.DAT
1 7 -175 133.489 354.669 0 1 0 0.358368 0 -0.93358 -0.93358 0 -0.358368 2825.DAT
1 7 -225 133.489 354.669 0 0 -1 -0.93358 -0.358368 0 -0.358368 0.93358 0 2853.DAT
1 7 -145 133.489 354.669 0 0 1 -0.93358 0.358368 0 -0.358368 -0.93358 0 2853.DAT
1 7 -213 98.673 367.088 0 1 0 -0.529919 0 -0.848048 -0.848048 0 0.529919 2711.DAT
1 7 -156 98.673 367.088 0 -1 0 -0.529919 0 0.848048 -0.848048 0 -0.529919 2711.DAT
1 0 -186 77.472 333.169 -1 0 0 0 0.848048 -0.529919 0 -0.529919 -0.848048 3705.DAT
1 0 -196 73.359 286.322 1 0 0 0 0.71934 0.694658 0 -0.694658 0.71934 4519.DAT
0 STEP
1 0 -236 45.573 257.546 1 0 0 0 0.71934 0.694658 0 -0.694658 0.71934 3673.DAT
1 0 -255 31.677 243.16 1 0 0 0 0.71934 0.694658 0 -0.694658 0.71934 3673.DAT
1 0 -245 24.486 250.111 0 0 -1 0.694658 0.71934 0 0.71934 -0.694658 0 3702.DAT
1 0 -225 93.954 322.039 0 0 -1 0.694658 0.71934 0 0.71934 -0.694658 0 3895.DAT
1 0 -225 73.359 286.322 -1 0 0 0 0.71934 -0.694658 0 -0.694658 -0.71934 32054.DAT
1 7 -130 142.825 358.255 0 0 1 -0.694658 0.71934 0 -0.71934 -0.694658 0 4265A.DAT
1 7 -240 142.825 358.255 0 0 -1 0.694658 0.71934 0 0.71934 -0.694658 0 4265A.DAT
0 STEP
0 WRITE 25
1 0 -185 -170 0 0 0 -1 -1 0 0 0 1 0 3705.DAT
1 7 -185 -120 0 1 0 0 0 0 -1 0 1 0 6538B.DAT
1 0 -185 -66 0 0 1 0 -1 0 0 0 0 1 3706.DAT
1 0 -235 52 40 0 0 1 0 1 0 -1 0 0 3023.DAT
1 0 -235 44 40 0 0 1 0 1 0 -1 0 0 3023.DAT
1 0 -135 52 40 0 0 1 0 1 0 -1 0 0 3023.DAT
1 0 -135 44 40 0 0 1 0 1 0 -1 0 0 3023.DAT
0 STEP
0 WRITE 26
1 0 -185 30 80 -1 0 0 0 1 0 0 0 -1 3707.DAT
0 MLCAD BTG wg1
1 0 -185 30 120 -1 0 0 0 0.994522 0.104528 0 0.104528 -0.994522 3707.DAT
1 0 -185 30 140 -1 0 0 0 1 0 0 0 -1 4519.DAT
1 0 -145 30 160 -1 0 0 0 1 0 0 0 -1 32062.DAT
1 0 -225 30 160 -1 0 0 0 1 0 0 0 -1 32062.DAT
1 0 -185 30 160 0 -1 0 -1 0 0 0 0 -1 4519.DAT
1 7 -185 50 160 0 1 0 0 0 -1 -1 0 0 3647.DAT
1 7 -185 10 160 0 1 0 0 0 -1 -1 0 0 3647.DAT
1 14 -155 30 0 0 1 0 0 0 1 1 0 0 32009.DAT
1 14 -215 30 0 0 1 0 0 0 1 1 0 0 32009.DAT
1 0 -165 30 140 0 -1 0 -1 0 0 0 0 -1 2825.DAT
1 0 -205 30 140 0 1 0 1 0 0 0 0 -1 2825.DAT
1 0 -185 30 140 1 0 0 0 0 -1 0 1 0 6536.DAT
1 0 -185 30 80 1 0 0 0 0 -1 0 1 0 6536.DAT
0 MLCAD BTG wg1
1 8 -255 30 120 1 0 0 0 -0.104528 -0.994522 0 0.994522 -0.104528 6536.DAT
1 14 -235 -150 0 0 0 1 0 1 0 -1 0 0 6536.DAT
1 14 -135 -150 0 0 0 1 0 1 0 -1 0 0 6536.DAT
0 MLCAD BTG wg1
1 8 -115 30 120 1 0 0 0 -0.104528 -0.994522 0 0.994522 -0.104528 6536.DAT
0 GROUP 3 wg1
1 0 -135 30 40 1 0 0 0 0 -1 0 1 0 6558.DAT
1 0 -235 30 40 -1 0 0 0 0 -1 0 -1 0 6558.DAT
1 0 -150 30 160 0 -1 0 -1 0 0 0 0 -1 6632.DAT
1 0 -220 30 160 0 1 0 1 0 0 0 0 -1 6632.DAT
1 0 -160 30 160 0 -1 0 0 0 -1 1 0 0 6632.DAT
1 0 -210 30 160 0 -1 0 0 0 -1 1 0 0 6632.DAT
1 7 -140 30 160 0 0 1 -1 0 0 0 -1 0 4265A.DAT
1 7 -230 30 160 0 0 -1 -1 0 0 0 1 0 4265A.DAT
1 7 -170 -10 160 0 0 1 -1 0 0 0 -1 0 4265A.DAT
1 0 -185 -6 140 0 1 0 1 0 0 0 0 -1 4519.DAT
1 7 -185 -10 160 1 0 0 0 0 1 0 -1 0 6536.DAT
1 7 -185 -45 140 -1 0 0 0 1 0 0 0 -1 2819.DAT
1 7 -185 5 140 -1 0 0 0 0 1 0 1 0 4265A.DAT
1 7 -200 -10 160 0 0 -1 -1 0 0 0 1 0 4265A.DAT
1 0 -185 -10 160 -1 0 0 0 1 0 0 0 -1 4519.DAT
1 7 -185 14 140 1 0 0 0 0 1 0 -1 0 6589.DAT
1 0 -135 20 80 0 0 1 0 1 0 -1 0 0 3894.DAT
1 0 -235 20 80 0 0 1 0 1 0 -1 0 0 3894.DAT
1 7 -185 30 50 1 0 0 0 0 1 0 -1 0 6536.DAT
1 0 -185 30 50 -1 0 0 0 -1 0 0 0 1 32062.DAT
1 7 -215 30 50 0 0 -1 0 -1 0 -1 0 0 2853.DAT
1 7 -155 30 50 0 0 1 0 1 0 -1 0 0 2853.DAT
1 0 -185 48 30 0 0 1 -1 0 0 0 -1 0 6587.DAT
1 7 -185 51 30 -1 0 0 0 0 -1 0 -1 0 4019.DAT
1 7 -225 -130 0 1 0 0 0 0 -1 0 1 0 3749.DAT
1 7 -145 -130 0 -1 0 0 0 0 -1 0 -1 0 3749.DAT
1 0 -185 12 70 -1 0 0 0 1 0 0 0 -1 3666.DAT
0 STEP
0 WRITE 27
1 0 -250 70 80 0 -1 0 0 0 -1 1 0 0 6632.DAT
1 0 -120 70 80 0 -1 0 0 0 -1 1 0 0 6632.DAT
0 STEP
0 WRITE 28
1 0 -260 70 80 0 -1 0 0 0 -1 1 0 0 6632.DAT
1 0 -110 70 80 0 -1 0 0 0 -1 1 0 0 6632.DAT
1 0 -144.724 -64.447 146.695 0 0.743145 0.669131 -0.97437 0.150522 -0.167171 -0.224951 -0.651981 0.724099 3707.DAT
1 8 -144.724 -137.527 129.821 0.669131 0 0.743145 -0.167171 -0.97437 0.150522 0.724099 -0.224951 -0.651981 6632.DAT
1 7 -115 0.035 134.115 0.669131 0.743145 0 -0.167171 0.150522 0.97437 0.724099 -0.651981 0.224951 3713.DAT
1 7 -144.724 -5.985 160.194 0.669131 0.743145 0 -0.167171 0.150522 0.97437 0.724099 -0.651981 0.224951 3713.DAT
1 14 -144.724 8.631 163.566 0.669131 0 0.743145 -0.167171 -0.97437 0.150522 0.724099 -0.224951 -0.651981 6632.DAT
1 14 -144.724 -20.601 156.817 0.669131 0 0.743145 -0.167171 -0.97437 0.150522 0.724099 -0.224951 -0.651981 6632.DAT
1 0 -115 -58.428 120.615 0 0.743145 0.669131 -0.97437 0.150522 -0.167171 -0.224951 -0.651981 0.724099 3737.DAT
1 7 -144.724 -40.088 152.318 -0.669131 0.743145 0 0.167171 0.150522 -0.97437 -0.724099 -0.651981 -0.224951 4265A.DAT
1 0 -225.276 -64.447 146.695 0 -0.743145 0.669131 -0.97437 0.150522 0.167171 -0.224951 -0.651981 -0.724099 3707.DAT
1 0 -225.276 -137.527 129.821 0.669131 0 -0.743145 0.167171 -0.97437 0.150522 -0.724099 -0.224951 -0.651981 6632.DAT
1 7 -255 0.035 134.115 0.669131 -0.743145 0 0.167171 0.150522 0.97437 -0.724099 -0.651981 0.224951 3713.DAT
1 7 -225.276 -5.985 160.194 0.669131 -0.743145 0 0.167171 0.150522 0.97437 -0.724099 -0.651981 0.224951 3713.DAT
1 14 -225.276 8.631 163.566 0.669131 0 -0.743145 0.167171 -0.97437 0.150522 -0.724099 -0.224951 -0.651981 6632.DAT
1 14 -225.276 -20.601 156.817 0.669131 0 -0.743145 0.167171 -0.97437 0.150522 -0.724099 -0.224951 -0.651981 6632.DAT
1 0 -255 -58.428 120.615 0 -0.743145 0.669131 -0.97437 0.150522 0.167171 -0.224951 -0.651981 -0.724099 3737.DAT
1 7 -225.276 -40.088 152.318 0.669131 0.743145 0 0.167171 -0.150522 -0.97437 -0.724099 0.651981 -0.224951 4265A.DAT
1 14 -185 -30.397 154.798 0 0 -1 0.224951 -0.97437 0 -0.97437 -0.224951 0 32017.DAT
0 STEP
0 WRITE 29
1 1 -185 12 50 -1 0 0 0 1 0 0 0 -1 2717.DAT
1 0 -235 -10 40 -1 0 0 0 1 0 0 0 -1 6558.DAT
1 0 -135 -10 40 1 0 0 0 1 0 0 0 1 6558.DAT
1 7 -185 -150 20 1 0 0 0 0 1 0 -1 0 6536.DAT
1 0 -185 -150 20 1 0 0 0 0 1 0 -1 0 3705.DAT
1 7 -200 -150 20 0 0 -1 0 1 0 1 0 0 4265A.DAT
1 7 -170 -150 20 0 0 1 0 1 0 -1 0 0 4265A.DAT
1 14 -135 -150 20 0 0 1 0 1 0 -1 0 0 32013.DAT
1 14 -235 -150 20 0 0 -1 0 1 0 1 0 0 32013.DAT
0 STEP
0 WRITE 30
1 0 -235 -150 55 0 0 -1 0 1 0 1 0 0 3706.DAT
1 0 -215 -150 70 0 0 -1 0 1 0 1 0 0 3673.DAT
1 0 -245 -130 40 -1 0 0 0 1 0 0 0 -1 3673.DAT
1 0 -235 -150 120 1 0 0 0 1 0 0 0 1 32013.DAT
1 0 -255 -150 120 1 0 0 0 0.224951 0.97437 0 -0.97437 0.224951 6536.DAT
1 0 -235 -150 40 0 0 -1 0 1 0 1 0 0 6536.DAT
1 0 -225 -160 60 1 0 0 0 1 0 0 0 1 32000.DAT
1 0 -225 -160 80 1 0 0 0 1 0 0 0 1 32000.DAT
1 0 -245 -150 120 -1 0 0 0 0.224951 -0.97437 0 -0.97437 -0.224951 3749.DAT
1 0 -128 -150 120 1 0 0 0 -0.224951 -0.97437 0 0.97437 -0.224951 3749.DAT
0 WRITE Substep2
1 0 -135 -150 55 0 0 -1 0 1 0 1 0 0 3706.DAT
1 0 -155 -150 70 0 0 1 0 1 0 -1 0 0 3673.DAT
1 0 -125 -130 40 -1 0 0 0 1 0 0 0 -1 3673.DAT
1 0 -135 -150 120 1 0 0 0 1 0 0 0 1 32013.DAT
1 0 -115 -150 120 1 0 0 0 0.224951 0.97437 0 -0.97437 0.224951 6536.DAT
1 0 -135 -150 40 0 0 -1 0 1 0 1 0 0 6536.DAT
1 0 -145 -160 60 -1 0 0 0 1 0 0 0 -1 32000.DAT
1 0 -145 -160 80 -1 0 0 0 1 0 0 0 -1 32000.DAT
1 0 -245 -150 120 -1 0 0 0 0.224951 -0.97437 0 -0.97437 -0.224951 3749.DAT
0 STEP
0 WRITE 31
1 14 -185 -168 70 1 0 0 0 1 0 0 0 1 6180.DAT
1 14 -185 -168 120 -1 0 0 0 1 0 0 0 -1 2436.DAT
1 0 -185 -158 142 -1 0 0 0 0 -1 0 -1 0 6636.DAT
1 14 -225 -168 120 -1 0 0 0 1 0 0 0 -1 3023.DAT
1 14 -145 -168 120 -1 0 0 0 1 0 0 0 -1 3023.DAT
1 0 -185 -160 110 -1 0 0 0 1 0 0 0 -1 3709B.DAT
1 0 -185 -152 90 0 0 1 0 1 0 -1 0 0 3709B.DAT
1 0 -185 -160 70 -1 0 0 0 1 0 0 0 -1 3022.DAT
1 0 -255 10 50 0 0 -1 1 0 0 0 -1 0 3703.DAT
1 0 -115 10 50 0 0 -1 1 0 0 0 -1 0 3703.DAT
0 STEP
1 14 -285 64 10 1 0 0 0 1 0 0 0 1 3023.DAT
1 14 -295 40 10 1 0 0 0 1 0 0 0 1 3665.DAT
1 0 -275 40 40 0 0 -1 0 1 0 1 0 0 3894.DAT
1 14 -285 32 40 0 0 -1 0 1 0 1 0 0 32001.DAT
1 0 -265 50 0 -1 0 0 0 1 0 0 0 -1 3673.DAT
1 0 -265 50 40 -1 0 0 0 1 0 0 0 -1 3673.DAT
1 0 -265 50 80 -1 0 0 0 1 0 0 0 -1 3673.DAT
1 0 -245 40 0 -1 0 0 0 1 0 0 0 -1 2444.DAT
1 0 -245 32 -10 0 0 1 0 1 0 -1 0 0 3021.DAT
1 14 -265 24 10 1 0 0 0 1 0 0 0 1 3710.DAT
1 14 -265 24 -40 0 0 1 0 1 0 -1 0 0 3936.DAT
1 14 -105 64 10 1 0 0 0 1 0 0 0 1 3023.DAT
1 14 -75 40 10 1 0 0 0 1 0 0 0 1 3665.DAT
1 0 -95 40 40 0 0 -1 0 1 0 1 0 0 3894.DAT
1 14 -85 32 40 0 0 -1 0 1 0 1 0 0 32001.DAT
1 0 -105 50 0 -1 0 0 0 1 0 0 0 -1 3673.DAT
1 0 -105 50 40 -1 0 0 0 1 0 0 0 -1 3673.DAT
1 0 -105 50 80 -1 0 0 0 1 0 0 0 -1 3673.DAT
1 0 -125 40 0 1 0 0 0 1 0 0 0 1 2444.DAT
1 0 -125 32 -10 0 0 1 0 1 0 -1 0 0 3021.DAT
1 14 -105 24 10 1 0 0 0 1 0 0 0 1 3710.DAT
1 14 -105 24 -40 0 0 -1 0 1 0 1 0 0 3935.DAT
0 STEP
0 WRITE 33
1 14 -115 -17.555 -140.153 0 0 -1 -0.0174524 0.999848 0 0.999848 0.0174524 0 3703.DAT
1 7 -135 0.173 -9.824 0 0 -1 -0.999848 -0.0174524 0 -0.0174524 0.999848 0 32000.DAT
1 7 -135 1.569 -89.812 0 0 -1 -0.999848 -0.0174524 0 -0.0174524 0.999848 0 32000.DAT
1 7 -135 1.709 -97.811 0 0 -1 -0.999848 -0.0174524 0 -0.0174524 0.999848 0 3069B.DAT
1 0 -125 -8.604 -79.988 -1 0 0 0 -0.0174524 0.999848 0 0.999848 0.0174524 3673.DAT
1 0 -135 -10 0 -1 0 0 0 -0.0348995 0.999391 0 0.999391 0.0348995 6558.DAT
1 7 -135 0.173 -9.824 -1 0 0 0 -0.0174524 0.999848 0 0.999848 0.0174524 4694C01.DAT
0 STEP
0 WRITE 34
1 14 -255 -17.555 -140.153 0 0 -1 -0.0174524 0.999848 0 0.999848 0.0174524 0 3703.DAT
1 7 -235 1.22 -69.815 0 0 1 -0.999848 0.0174524 0 -0.0174524 -0.999848 0 32000.DAT
1 7 -235 -0.176 10.173 0 0 1 -0.999848 0.0174524 0 -0.0174524 -0.999848 0 32000.DAT
1 0 -245 -8.604 -79.988 -1 0 0 0 -0.0174524 0.999848 0 0.999848 0.0174524 3673.DAT
1 0 -235 -10 0 1 0 0 0 0.0174524 0.999848 0 -0.999848 0.0174524 6558.DAT
1 7 -235 1.22 -69.815 1 0 0 0 0.0174524 0.999848 0 -0.999848 0.0174524 4694C01.DAT
0 STEP
0 WRITE 35
1 14 -295 110 42 0 0 1 -1 0 0 0 -1 0 6583.DAT
1 0 -286 90 50 1 0 0 0 0 1 0 -1 0 2444.DAT
1 0 -286 130 50 1 0 0 0 0 1 0 -1 0 2444.DAT
1 0 -286 110 58 0 0 1 -1 0 0 0 -1 0 3709B.DAT
1 0 -265 90 40 -1 0 0 0 0 -1 0 -1 0 3673.DAT
1 0 -265 130 40 -1 0 0 0 0 -1 0 -1 0 3673.DAT
1 14 -75 110 42 0 0 -1 1 0 0 0 -1 0 6583.DAT
1 0 -84 130 50 -1 0 0 0 0 -1 0 -1 0 2444.DAT
1 0 -84 90 50 -1 0 0 0 0 -1 0 -1 0 2444.DAT
1 0 -84 110 58 0 0 -1 1 0 0 0 -1 0 3709B.DAT
1 0 -105 130 40 1 0 0 0 0 1 0 -1 0 3673.DAT
1 0 -105 90 40 1 0 0 0 0 1 0 -1 0 3673.DAT
1 14 -185 84 -80 1 0 0 0 1 0 0 0 1 2797C02.DAT
0 STEP
0 WRITE 36
1 0 -185 70 -80 1 0 0 0 1 0 0 0 1 3706.DAT
1 7 -155 70 -80 1 0 0 0 0 1 0 -1 0 6553.DAT
1 7 -215 70 -80 1 0 0 0 0 1 0 -1 0 6553.DAT
1 7 -215 70 -105 1 0 0 0 -1 0 0 0 -1 4265A.DAT
1 7 -155 70 -105 1 0 0 0 -1 0 0 0 -1 4265A.DAT
0 STEP
0 WRITE 37
1 7 -335 84 -170 1 0 0 0 1 0 0 0 1 engine.ldr
0 STEP
0 WRITE 38
1 7 -135 2.547 -145.803 0 0 -1 -0.999848 -0.0174524 0 -0.0174524 0.999848 0 550.DAT
1 7 -135 2.965 -169.8 0 0 -1 -0.999848 -0.0174524 0 -0.0174524 0.999848 0 32000.DAT
1 7 -135 3.663 -209.793 0 0 -1 -0.999848 -0.0174524 0 -0.0174524 0.999848 0 32000.DAT
1 7 -135 3.105 -177.798 0 0 -1 -0.999848 -0.0174524 0 -0.0174524 0.999848 0 3023.DAT
1 7 -135 3.245 -185.797 0 0 -1 -0.999848 -0.0174524 0 -0.0174524 0.999848 0 3023.DAT
1 0 -125 -6.51 -199.97 1 0 0 0 -0.0174524 -0.999848 0 0.999848 -0.0174524 3673.DAT
1 0 -125 -7.208 -159.976 1 0 0 0 -0.0174524 -0.999848 0 0.999848 -0.0174524 3673.DAT
0 STEP
0 WRITE 39
1 7 -215 90 -260 1 0 0 0 -1 0 0 0 -1 6536.DAT
1 7 -155 90 -260 1 0 0 0 -1 0 0 0 -1 6536.DAT
1 0 -185 150 -260 1 0 0 0 -1 0 0 0 -1 3705.DAT
1 1 -184 13.138 -179.624 0 1 0 0.0174524 0 -0.999848 -0.999848 0 -0.0174524 67C01.DAT
1 7 -147 13.487 -199.62 -1 0 0 0 0.0174524 -0.999848 0 -0.999848 -0.0174524 3749.DAT
1 7 -148 12.789 -159.627 -1 0 0 0 0.0174524 -0.999848 0 -0.999848 -0.0174524 3749.DAT
1 7 -185 90 -260 1 0 0 0 1 0 0 0 1 6536.DAT
1 0 -185 90 -260 1 0 0 0 -1 0 0 0 -1 3705.DAT
1 7 -195 150 -260 0 -1 0 0 0 -1 1 0 0 2825.DAT
1 7 -175 150 -260 0 1 0 0 0 -1 -1 0 0 2825.DAT
0 STEP
0 WRITE 40
1 0 -215 28.545 -285.537 0 1 0 0.992546 0 -0.121869 -0.121869 0 -0.992546 3706.DAT
1 0 -215 -45.895 -276.396 1 0 0 0 0.121869 -0.992546 0 0.992546 0.121869 32015.DAT
1 0 -235 -6.193 -281.272 0 0 -1 -0.992546 0.121869 0 0.121869 0.992546 0 32039.DAT
1 7 -215 8.693 -283.102 -1 0 0 0 0.121869 0.992546 0 0.992546 -0.121869 4265A.DAT
1 0 -155 28.545 -285.537 0 1 0 0.992546 0 -0.121869 -0.121869 0 -0.992546 3706.DAT
1 0 -155 -45.895 -276.396 1 0 0 0 0.121869 -0.992546 0 0.992546 0.121869 32015.DAT
1 0 -135 -6.193 -281.272 0 0 1 -0.992546 -0.121869 0 0.121869 -0.992546 0 32039.DAT
1 0 -155 23.582 -284.928 0 0 1 -0.992546 -0.121869 0 0.121869 -0.992546 0 6536.DAT
1 0 -215 23.582 -284.928 0 0 1 -0.992546 -0.121869 0 0.121869 -0.992546 0 6536.DAT
1 0 -215 21.144 -304.78 -1 0 0 0 -0.121869 -0.992546 0 -0.992546 0.121869 6558.DAT
1 0 -155 21.144 -304.78 1 0 0 0 -0.121869 0.992546 0 -0.992546 -0.121869 6558.DAT
1 7 -155 8.693 -283.102 -1 0 0 0 0.121869 0.992546 0 0.992546 -0.121869 4265A.DAT
1 0 -185 21.144 -304.78 -1 0 0 0 0.121869 0.992546 0 0.992546 -0.121869 75535.DAT
1 0 -155 63.282 -289.803 0 0 1 -0.992546 -0.121869 0 0.121869 -0.992546 0 6536.DAT
1 0 -215 63.282 -289.803 0 0 1 -0.992546 -0.121869 0 0.121869 -0.992546 0 6536.DAT
1 0 -215 60.848 -309.655 -1 0 0 0 -0.121869 -0.992546 0 -0.992546 0.121869 6558.DAT
1 0 -155 60.848 -309.655 1 0 0 0 -0.121869 0.992546 0 -0.992546 -0.121869 6558.DAT
1 0 -185 60.848 -309.655 -1 0 0 0 0.121869 0.992546 0 0.992546 -0.121869 75535.DAT
1 7 -125 -6.193 -281.272 -1 0 0 0 0.121869 0.992546 0 0.992546 -0.121869 3749.DAT
1 7 -245 -6.193 -281.272 1 0 0 0 -0.121869 0.992546 0 -0.992546 -0.121869 3749.DAT
1 7 -215 43.434 -287.367 1 0 0 0 -0.121869 0.992546 0 -0.992546 -0.121869 3713.DAT
1 7 -155 43.434 -287.367 1 0 0 0 -0.121869 0.992546 0 -0.992546 -0.121869 3713.DAT
1 14 -235 140.251 -319.403 0 1 0 0.121869 0 0.992546 0.992546 0 -0.121869 32009.DAT
1 14 -135 140.251 -319.403 0 1 0 0.121869 0 0.992546 0.992546 0 -0.121869 32009.DAT
1 0 -225 100.55 -314.528 -1 0 0 0 0.121869 0.992546 0 0.992546 -0.121869 3673.DAT
1 7 -225 -18.556 -299.903 -1 0 0 0 0.121869 0.992546 0 0.992546 -0.121869 3749.DAT
1 7 -145 -18.556 -299.903 1 0 0 0 -0.121869 0.992546 0 -0.992546 -0.121869 3749.DAT
1 0 -145 100.55 -314.528 -1 0 0 0 0.121869 0.992546 0 0.992546 -0.121869 3673.DAT
1 0 -185 100.55 -314.528 -1 0 0 0 0.121869 0.992546 0 0.992546 -0.121869 3673.DAT
1 0 -185 -18.556 -299.903 -1 0 0 0 0.121869 0.992546 0 0.992546 -0.121869 3673.DAT
1 0 -205 100.55 -314.528 -1 0 0 0 0.121869 0.992546 0 0.992546 -0.121869 75535.DAT
1 0 -165 100.55 -314.528 1 0 0 0 -0.121869 0.992546 0 -0.992546 -0.121869 75535.DAT
1 14 -205 -18.556 -299.903 -1 0 0 0 0.121869 0.992546 0 0.992546 -0.121869 75535.DAT
1 14 -165 -18.556 -299.903 1 0 0 0 -0.121869 0.992546 0 -0.992546 -0.121869 75535.DAT
1 0 -185 150 -240 1 0 0 0 -0.121869 0.992546 0 -0.992546 -0.121869 3706.DAT
0 STEP
0 WRITE 41
1 14 -185 -184 0 0 0 -1 0 1 0 1 0 0 4032.DAT
1 117313504 -185 -208 0 0 0 -1 0 1 0 1 0 0 3941.DAT
1 14 -185 -215 0 0 0 -1 0 1 0 1 0 0 4150.DAT
1 7 -235 1.785 -101.81 0 0 -1 0.999848 0.0174524 0 0.0174524 -0.999848 0 550.DAT
1 7 -235 1.645 -93.811 0 0 -1 0.999848 0.0174524 0 0.0174524 -0.999848 0 3069B.DAT
1 7 -235 2.622 -149.803 0 0 -1 0.999848 0.0174524 0 0.0174524 -0.999848 0 32000.DAT
1 7 -235 3.32 -189.796 0 0 -1 0.999848 0.0174524 0 0.0174524 -0.999848 0 32000.DAT
1 7 -235 3.041 -173.799 0 0 -1 0.999848 0.0174524 0 0.0174524 -0.999848 0 3023.DAT
1 7 -235 3.181 -181.798 0 0 -1 0.999848 0.0174524 0 0.0174524 -0.999848 0 3023.DAT
1 0 -245 -7.208 -159.976 1 0 0 0 0.0174524 0.999848 0 -0.999848 0.0174524 3673.DAT
1 0 -245 -6.51 -199.97 1 0 0 0 0.0174524 0.999848 0 -0.999848 0.0174524 3673.DAT
0 STEP
0 WRITE 42
0 STEP
0 WRITE 43
0 WRITE Bucket is missing
0 STEP
0 WRITE 44
0 WRITE End
1 0 -50 150 -80 0 0 -1 0 1 0 1 0 0 2995.DAT
1 14 -50 150 -80 0 0 -1 0 1 0 1 0 0 2996.DAT
1 0 -315 150 -80 0 0 1 0 1 0 -1 0 0 2995.DAT
1 14 -315 150 -80 0 0 1 0 1 0 -1 0 0 2996.DAT
1 0 -315 150 280 0 0 1 0 1 0 -1 0 0 2995.DAT
1 14 -315 150 280 0 0 1 0 1 0 -1 0 0 2996.DAT
1 0 -55 150 280 0 0 -1 0 1 0 1 0 0 2995.DAT
1 14 -55 150 280 0 0 -1 0 1 0 1 0 0 2996.DAT
1 0 -125 148 -260 -1 0 0 0 1 0 0 0 -1 3673.DAT
1 14 -105 138 -260 -1 0 0 0 1 0 0 0 -1 2444.DAT
1 14 -115 114 -270 1 0 0 0 1 0 0 0 1 3665.DAT
1 14 -115 114 -250 1 0 0 0 1 0 0 0 1 3005.DAT
1 7 -105 106 -250 1 0 0 0 1 0 0 0 1 3023.DAT
1 14 -115 106 -270 0 0 1 0 1 0 -1 0 0 2420.DAT
1 14 -65 106 -260 0 0 -1 0 1 0 1 0 0 4859.DAT
1 14 -65 82 -260 0 0 -1 0 1 0 1 0 0 4859.DAT
1 7 -105 82 -260 0 0 -1 0 1 0 1 0 0 3022.DAT
1 14 -75 74 -270 -1 0 0 0 1 0 0 0 -1 3623.DAT
1 14 -115 66 -270 1 0 0 0 1 0 0 0 1 6091.DAT
1 14 -85 74 -250 -1 0 0 0 1 0 0 0 -1 3710.DAT
1 14 -115 66 -260 0 0 1 0 1 0 -1 0 0 3069B.DAT
1 14 -85 98 -260 1 0 0 0 1 0 0 0 1 3709B.DAT
1 14 -75 90 -260 1 0 0 0 1 0 0 0 1 3021.DAT
1 14 -115 90 -260 0 0 1 0 1 0 -1 0 0 2452.DAT
1 14 -115 98 -290 0 0 1 0 1 0 -1 0 0 4081B.DAT
1 14 -95 114 -260 0 0 -1 0 1 0 1 0 0 3747.DAT
1 0 -245 148 -260 1 0 0 0 1 0 0 0 1 3673.DAT
1 14 -265 138 -260 1 0 0 0 1 0 0 0 1 2444.DAT
1 14 -255 114 -270 1 0 0 0 1 0 0 0 1 3665.DAT
1 14 -255 114 -250 -1 0 0 0 1 0 0 0 -1 3005.DAT
1 7 -265 106 -250 -1 0 0 0 1 0 0 0 -1 3023.DAT
1 14 -255 106 -270 -1 0 0 0 1 0 0 0 -1 2420.DAT
1 14 -305 106 -260 0 0 1 0 1 0 -1 0 0 4859.DAT
1 14 -305 82 -260 0 0 1 0 1 0 -1 0 0 4859.DAT
1 7 -265 82 -260 0 0 1 0 1 0 -1 0 0 3022.DAT
1 14 -295 74 -270 1 0 0 0 1 0 0 0 1 3623.DAT
1 14 -255 66 -270 1 0 0 0 1 0 0 0 1 6091.DAT
1 14 -285 74 -250 1 0 0 0 1 0 0 0 1 3710.DAT
1 14 -255 66 -260 0 0 -1 0 1 0 1 0 0 3069B.DAT
1 14 -285 98 -260 -1 0 0 0 1 0 0 0 -1 3709B.DAT
1 14 -295 90 -260 -1 0 0 0 1 0 0 0 -1 3021.DAT
1 14 -255 90 -260 0 0 -1 0 1 0 1 0 0 2452.DAT
1 14 -255 98 -290 0 0 -1 0 1 0 1 0 0 4081B.DAT
1 14 -275 114 -260 0 0 1 0 1 0 -1 0 0 3747.DAT
1 0 -185 170 387 -1 0 0 0 0.997564 0.0697565 0 0.0697565 -0.997564 32030.DAT
0
0 FILE 1.ldr
0 Cylinders1
0 Name: 1.ldr
0 Author: Peter Bartfai (pbartfai@stardust.hu)
0 Unofficial Model
0 ROTATION CENTER 120 -14 -70 1 "Custom" 
0 ROTATION CONFIG 1 0
1 7 100 -40 0 1 0 0 0 1 0 0 0 1 2850.DAT
1 8 100 -19 0 1 0 0 0 1 0 0 0 1 2851.DAT
1 7 100 -40 -40 1 0 0 0 1 0 0 0 1 2850.DAT
1 8 100 -1 -40 1 0 0 0 1 0 0 0 1 2851.DAT
1 7 100 -40 40 1 0 0 0 1 0 0 0 1 2850.DAT
1 8 100 -1 40 1 0 0 0 1 0 0 0 1 2851.DAT
1 0 80 -14 20 0 0 1 0 1 0 -1 0 0 3673.DAT
1 0 80 -14 -20 0 0 1 0 1 0 -1 0 0 3673.DAT
1 0 120 -14 -20 0 0 1 0 1 0 -1 0 0 3673.DAT
1 0 120 -14 20 0 0 1 0 1 0 -1 0 0 3673.DAT
1 0 120 -14 -70 0 0 1 0 1 0 -1 0 0 6558.DAT
1 7 80 -14 -60 0 0 1 0 1 0 -1 0 0 4274.DAT
0 
0
0 FILE 2.ldr
0 Cylinders2
0 Name: 2.ldr
0 Author: Peter Bartfai (pbartfai@stardust.hu)
0 Unofficial Model
0 ROTATION CENTER 180 -14 -70 1 "Custom" 
0 ROTATION CONFIG 1 0
1 7 200 -40 0 1 0 0 0 1 0 0 0 1 2850.DAT
1 8 200 -2 0 1 0 0 0 1 0 0 0 1 2851.DAT
1 7 200 -40 -40 1 0 0 0 1 0 0 0 1 2850.DAT
1 8 200 -20 -40 1 0 0 0 1 0 0 0 1 2851.DAT
1 7 200 -40 40 1 0 0 0 1 0 0 0 1 2850.DAT
1 8 200 -20 40 1 0 0 0 1 0 0 0 1 2851.DAT
1 0 180 -14 20 0 0 1 0 1 0 -1 0 0 3673.DAT
1 0 180 -14 -20 0 0 1 0 1 0 -1 0 0 3673.DAT
1 0 220 -14 -20 0 0 1 0 1 0 -1 0 0 3673.DAT
1 0 220 -14 20 0 0 1 0 1 0 -1 0 0 3673.DAT
1 0 180 -14 -70 0 0 1 0 1 0 -1 0 0 6558.DAT
1 7 220 -14 -60 0 0 1 0 1 0 -1 0 0 4274.DAT
0 
0 
0 
0 
0
0 FILE engine.ldr
0 Engine
0 Name: engine.ldr
0 Author: Peter Bartfai (pbartfai@stardust.hu)
0 Engine
0 ROTATION CENTER 0 0 0 1 "Custom" 
0 ROTATION CONFIG -2 0
1 7 150 26 40 -1 0 0 0 1 0 0 0 -1 2853.DAT
1 7 160 26 -70 1 0 0 0 -1 0 0 0 -1 2853.DAT
1 7 160 26 40 -0.601815 -0.798636 0 -0.798636 0.601815 0 0 0 -1 2852.DAT
1 7 160 26 40 0.422618 0.906308 0 -0.906308 0.422618 0 0 0 1 2852.DAT
1 7 140 26 0 -0.390731 -0.920505 0 -0.920505 0.390731 0 0 0 -1 2852.DAT
1 7 140 26 0 0.601815 0.798636 0 -0.798636 0.601815 0 0 0 1 2852.DAT
1 7 160 26 -40 -0.601815 -0.798636 0 -0.798636 0.601815 0 0 0 -1 2852.DAT
1 7 160 26 -40 0.422618 0.906308 0 -0.906308 0.422618 0 0 0 1 2852.DAT
1 8 150 26 20 1 0 0 0 1 0 0 0 1 2854.DAT
1 8 150 26 -20 1 0 0 0 -1 0 0 0 -1 2854.DAT
1 8 160 26 -40 0 0 -1 0 1 0 1 0 0 32062.DAT
1 8 140 26 0 0 0 -1 0 1 0 1 0 0 32062.DAT
1 7 170 -24 -70 -1 0 0 0 1 0 0 0 -1 32000.DAT
1 7 150 0 -70 -1 0 0 0 1 0 0 0 -1 3710.DAT
1 7 150 8 -70 -1 0 0 0 1 0 0 0 -1 3666.DAT
1 7 150 16 -70 -1 0 0 0 1 0 0 0 -1 3701.DAT
1 7 130 -24 -70 -1 0 0 0 1 0 0 0 -1 32000.DAT
1 7 81.974 100.674 0 0.422618 0.906308 0 -0.906308 0.422618 0 0 0 1 1.ldr
1 7 91.241 -171.218 0 0.422618 -0.906308 0 0.906308 0.422618 0 0 0 1 2.ldr
0 
0 
0 
0 
0 
0 
0 
0 
0 
0 
0 
0
0
